[logImg.jpg]
backuphash=17874
text=1;125;3;医;宋体;1.133155,-3.527489,3.458181,6.283185;v1,4294967295,4278190080,128.000000,1.000000,0.000000,1.000000,400,0,49152;;
textactive=1
